v2.0 raw
00000005
0000000a
00000000
00000000
00000000
0000000c
00000001
00000008
00000002
00000004
00000001
00000007
00000002
0000000c
00000005
00000010
00000001
00000002
00000003
00000001
00000007
00000009
00000002
00000002
0000000b
0000000a
00000003
00000001
0000000c
00000008
00000002
0000000c
00000006
00000024
00000005
00000010
0000000b
00000001
00000008
00000002
0000000c
00000005
0000002b
00000001
00000003
00000003
00000001
00000006
00000009
00000002
00000003
0000000b
0000000a
00000003
00000001
0000000c
00000008
00000002
0000000c
00000006
0000003f
00000005
0000002b
0000000b
00000001
00000009
00000002
0000000c
00000005
00000046
00000001
00000004
00000003
00000001
00000003
00000009
00000002
00000004
0000000b
0000000a
00000003
00000001
0000000c
00000008
00000002
0000000c
00000006
0000005a
00000005
00000046
00000001
00000004
00000003
00000001
00000002
00000008
00000007
00000000